camera_matrix:
- - 600.4359917113688
  - 0.0
  - 353.4139641199696
- - 0.0
  - 595.9864487421137
  - 239.21666864126144
- - 0.0
  - 0.0
  - 1.0
dist_coeff:
- - 0.05152749040210466
  - -0.4894734451742558
  - 0.0006189563859098634
  - 0.006172159069598125
  - 0.9829586324195307
reprojection_error: 0.4970175850657662
